codigo/galaxy_cartesian_coordinates.ecsv
# %ECSV 1.0
# ---
# datatype:
# - {name: TARGETID, datatype: int64}
# - {name: X, unit: Mpc, datatype: float64, description: Tangential comoving distance in RA direction}
# - {name: Y, unit: Mpc, datatype: float64, description: Tangential comoving distance in DEC direction}
# - {name: Z, unit: Mpc, datatype: float64, description: Radial comoving distance (line-of-sight)}
# meta: !!omap
# - {RA_CENTER: 199.9880730725353}
# - {DEC_CENTER: -0.022809067094684703}
# - {COSMOLOGY: Planck18}
# - {DESCRIPTION: 'Cartesian coordinates: Z=radial distance, X,Y=tangential distances'}
# schema: astropy-2.0
TARGETID X Y Z
[from data line 10562]
39627836419476616 39.23649043063097 67.16398619746893 1925.0883327372119
39627836419476689 39.184204397214465 67.07895550804595 1916.5917015760272
39627836419477129 39.866975886820256 64.91246639973214 1915.2174562235368
39627836419477134 40.276846468141905 67.75475825573591 1934.6115182386886
39627836419477296 40.56550543287299 67.98855019828389 1938.3211012780712
39627836419477355 28.812126051295035 46.4197726569255 1373.2724513244784
39627836419477372 71.44671490028101 115.0741743814042 3403.5633497006816
39627836419477483 94.19857948727247 150.44957699521933 4468.483480171477
39627836419477502 32.741939759608975 52.71407162894927 1551.9336548644578
39627836419477575 52.29342860063058 86.20942865330379 2471.927509822466
39627836419477870 40.869400584563095 67.46235919430099 1912.364225779372
39627836419477888 41.27856518152452 66.32266715108197 1930.0268193147149
39627836419478147 41.604800013963654 67.59586325708268 1927.140645524317
39627836419478559 97.94403266554974 153.63807255950462 4463.351984868288
39627836423668114 32.73450481231882 48.71002296133963 1464.7405397295622
39627836423668577 33.124249260718244 51.093163218662575 1457.299456219633
39627836423668659 46.365772479863175 67.57603205929722 2034.1300054118312
39627836423668718 101.93086592160336 154.90091160601648 4462.0278665179
39627836423668936 57.99136747109289 83.38885958515662 2516.9661551613203
39627836423669012 56.75923060795136 84.87578598914533 2456.69841413589
39627836423669023 68.04022626894687 97.88142633730925 2944.264608641321
39627836423669365 49.8955488348356 75.20692507465355 2133.95721120958
39627836423670791 52.203358305307596 72.08447270546993 2137.4225354282503
39627836423671003 109.50653388947259 156.6307419217757 4454.243485686757
39627836423671055 38.217643778703966 53.728545310056965 1551.8647308308457
39627836423671774 63.6867396149748 87.47642631323791 2529.0000990508456
39627836423672590 50.18372208361296 64.39845322239607 1938.176853972594
39627836423672964 68.04008439144677 91.37522281698368 2599.222281911226
39627836427862427 79.22260047500198 99.52194720092474 2965.6557492405145
39627836427862665 65.92535905268795 86.42557590145704 2449.9620231743434
39627836427862972 51.15201404253364 64.33772747149679 1883.6764723949732
39627836427863052 51.45581213597048 65.21516683228654 1890.2971940642983
39627836427863058 81.14568676332067 104.19941153867363 2980.6920346675724
39627836427863240 52.88673581219123 65.55435408058933 1931.7060110258933
39627836427863349 52.44733813286983 64.24060670642197 1908.8997145972623
39627836427863391 9.206656955173655 11.260280814582508 334.60769233395223
39627836427863501 51.938144978654215 65.30721420058829 1882.615279665575
39627836427863559 88.90469059131978 110.69683167749257 3217.9143091887604
39627836427863913 53.08981031326862 65.9545308742794 1900.6863543166667
39627836427863915 53.524458022033336 65.97710857055169 1916.1663620444813
39627836427864128 53.323978068276624 64.02599484772983 1897.4035485532395
39627836427864135 53.489354823036464 64.32477202419965 1903.0384313029022
39627836427864214 52.606486969245225 62.778509318936436 1868.0392325145172
39627836427864269 53.71114824517016 65.07660599371376 1905.048413428634
39627836427864287 126.49071870758685 152.85092748668873 4483.819084573477
39627836427864305 54.74866317538194 65.21131132327832 1939.8619287794809
39627836427864535 55.14380825807718 64.8822717042351 1941.4451000552097
39627836427864657 53.86810423783154 63.54101377342706 1888.6476994751795
39627836427864775 68.74430424009759 84.1538277741499 2402.1830586318824
39627836427865092 55.233200731679084 65.12598203948926 1914.9036360953721
39627836427865261 54.701120603053546 62.83896134271949 1887.647884107968
39627836427865360 128.73443707455928 150.19402372369333 4430.1651805227
39627836427865531 94.18138427359771 108.57180481034385 3228.823390917382
39627836427865760 57.149850182174234 65.2830158326037 1948.4588648627218
39627836427866496 74.03025769296643 82.3080767509516 2475.5190487798936
39627836427866797 75.39675752963348 83.8383166736967 2499.7416895364545
39627836427866915 141.30187960077055 157.30261825511417 4669.19094301027
39627836427867115 66.60065868842435 74.458214935785 2189.275561715835
39627836432056696 143.10353971093232 159.8268985804894 4618.20149582046
39627836432056843 83.5111919177544 91.20353394156443 2686.384375663482
39627836432056897 60.0060496080675 64.02100373331884 1927.612175104404
39627836432056927 68.29292219725207 75.0599383631115 2192.101330706156
39627836432057457 60.842122213659216 66.9763724185258 1930.5431810971652
39627836432057473 60.049006086964575 66.27951844446703 1904.867352242322
39627836432057737 67.98719104797523 72.91017363316301 2144.9610372486454
39627836432057816 146.16375611762402 153.59380794908327 4603.097530332987
39627836432058081 61.33111589471051 65.82639939145909 1921.435405496162
39627836432058417 86.85947900634373 93.81241689130934 2702.371949649231
39627836432058421 82.02623368971615 87.53758179643708 2551.919156252407
39627836432058549 69.33224004470594 73.65213967462797 2152.024618763026
39627836432058706 113.85648658900146 119.74297791386527 3523.2017284929407
39627836432058712 84.65017088092794 88.73218555675935 2619.159284396613
39627836432058873 62.97236600021468 64.68844616426672 1941.9712403202873
39627836432059797 54.25068513513619 57.44864112156671 1638.136242166914
39627836432060222 51.82965190737907 54.0860108033878 1550.2105149347326
39627836432061467 122.06183094447954 122.9014613101048 3559.0380437736867
39627836432062066 81.56273828783347 82.56800776815294 2351.304882561649
39627836432062150 81.57299865861762 82.45853925691786 2346.9178424344937
39627836432062354 123.04300376539065 122.1440656713568 3525.89220700632
