codigo/galaxy_cartesian_coordinates.ecsv
# %ECSV 1.0
# ---
# datatype:
# - {name: TARGETID, datatype: int64}
# - {name: X, unit: Mpc, datatype: float64, description: Tangential comoving distance in RA direction}
# - {name: Y, unit: Mpc, datatype: float64, description: Tangential comoving distance in DEC direction}
# - {name: Z, unit: Mpc, datatype: float64, description: Radial comoving distance (line-of-sight)}
# meta: !!omap
# - {RA_CENTER: 199.9880730725353}
# - {DEC_CENTER: -0.022809067094684703}
# - {COSMOLOGY: Planck18}
# - {DESCRIPTION: 'Cartesian coordinates: Z=radial distance, X,Y=tangential distances'}
# schema: astropy-2.0
TARGETID X Y Z
[from data line 2787]
39627763920930138 -3.6817257635256277 -19.575910031320838 1177.677562218399
39627763920930167 -2.5906334640820767 -15.713246529745323 835.3441846096881
39627763920930175 -3.6202713785907945 -17.906131940730464 1170.1220959314464
39627763920930465 -11.138236737504137 -64.53472782615128 3874.4009403353557
39627763920930652 -3.2011803831330505 -22.04242010780118 1170.263095805579
39627763920930654 -3.233460704372575 -19.082386335872908 1182.3779538321182
39627763920930668 -3.163182394356298 -17.35616252745343 1160.1446936626653
39627763920930691 -3.182210784305709 -21.57936624703237 1175.159826147565
39627763920930711 -3.0947639120834745 -20.111435089807568 1147.1145871525728
39627763920930841 -2.9013151488049482 -17.501548561833374 1113.9837943965226
39627763920930862 -3.0127829608843726 -19.648143209473826 1163.654859356881
39627763920930926 -3.051981339727416 -18.726114182694594 1201.1651513836089
39627763920930940 -3.0658983749362054 -22.191751888420033 1215.6715145504713
39627763920931019 -2.91286478991316 -22.568634381247254 1178.2051711875467
39627763920931101 -2.814497523248088 -18.25500532393441 1167.4076978660587
39627763920931222 -10.777749094031023 -77.41869883363087 4660.126265507858
39627763920931261 -2.726014056300342 -21.16130604261848 1195.0614301880676
39627763920931295 -10.503845313340735 -77.20231980620811 4670.712732697906
39627763920931332 -10.369220554522684 -75.33825975426085 4660.271000708464
39627763920931386 -2.578964359480014 -19.838392943095883 1179.1358203136672
39627763920931406 -5.430966530874246 -44.762709105613055 2495.8183294783657
39627763920931583 -2.4796918153876026 -18.54825149330347 1208.1570863715929
39627763920931590 -4.919366314466447 -45.761535085081476 2401.6896483226533
39627763920931592 -2.3599270428401273 -20.92132561648168 1152.4894640008338
39627763920931738 -2.1936279234645717 -18.500217585322336 1132.012568442352
39627763920931770 -5.740590460729657 -54.00521678784266 2999.5109642315065
39627763920931882 -5.8246793510173465 -59.95038817125215 3184.4929435426743
39627763920931944 -3.4599969888429936 -34.88852112145185 1950.088162214519
39627763920931951 -2.0787705456808596 -18.13392950945548 1174.3245538072747
39627763920932053 -1.8734876889516963 -17.32044579201551 1106.4342686784726
39627763920932069 -1.9110924844718375 -21.35002048752053 1138.205379191162
39627763920932093 -1.9274612273909626 -21.504124825676524 1155.7420436019581
39627763920932306 -1.7529816177784472 -19.03480312876945 1157.5391818498647
39627763920932397 -6.589055883725201 -80.07339282596406 4538.319073222739
39627763920932558 -1.548453923921426 -19.150356949365094 1148.7956316529264
39627763920932573 -2.606808577963364 -35.30619281381433 1948.8838864008626
39627763920932655 -3.453819754838803 -40.12515537546857 2697.5128652907474
39627763920932772 -2.2847967142404317 -35.90345494567402 1940.1332961660387
39627763920932813 -1.3438879457693764 -20.269245947820806 1167.8657342047122
39627763920932927 -1.1931356658826544 -17.429691100807926 1151.480423386024
39627763920933085 -1.0909227578526433 -20.061542861405723 1198.0226533105556
39627763920933115 -1.0287986733751457 -19.259310118899183 1161.1593685937312
39627763920933320 -0.8298513829611937 -18.911418520650955 1166.5184381208855
39627763920933330 -1.3630672122145064 -37.19027500988473 1937.04181925879
39627763920933442 -0.6999549978288747 -21.445268720180188 1164.7423696916549
39627763920933690 -1.6288794343944841 -62.71399497068793 3874.229280746079
39627763920933768 -1.6347756991552562 -85.54797990286441 4652.232161849585
39627763920933864 -0.32093689596466896 -18.00623395335913 1172.0278374822005
39627763920933945 -0.7812234697950207 -62.99782334631825 3747.2394268479557
39627763920933947 -0.403536033825427 -35.8739766302401 1943.2076362713174
39627763920934037 -0.1621370785290606 -17.830600589473047 1174.938957118211
39627763920934139 -0.06532862676679643 -20.112658263852975 1193.6059855931576
39627763920934229 0.009138992011223696 -18.20177524997909 1138.8097180137488
39627763920934370 0.3315564645433696 -47.17456666368895 2987.6713753954323
39627763925123107 0.44164868197957885 -39.0331224178931 2071.454473670786
39627763925123135 0.7227817909154775 -46.92110506268305 3003.22163370382
39627763925123261 0.42180190675275053 -17.651898666092364 1166.690745361287
39627763925123275 1.0268065503594372 -47.22936196787595 2780.8104797591986
39627763925123361 0.48688956217012735 -20.44402802597367 1145.3834186008955
39627763925123601 1.778741176515691 -48.56980190247698 2978.166541217503
39627763925123628 1.8598279309216463 -46.65745882366944 2987.768160481998
39627763925123641 1.8879826100882287 -48.16760853626978 2998.8678931145605
39627763925123647 1.9254231097133339 -46.93613543125742 3009.000717127612
39627763925123858 3.647016420412875 -87.90033859287902 4624.258171798182
39627763925123957 0.4154431683928937 -8.834723218041812 489.77759466089765
39627763925124043 1.7720749633348605 -33.249576533198365 1934.365416971288
39627763925124048 1.9194737326302942 -36.82591148589361 2079.812922442119
39627763925124186 2.705793277501955 -49.83817116666133 2619.3144788396708
39627763925124329 2.850724807609936 -41.44899305843339 2489.629098181104
39627763925124999 2.6692712503963927 -25.32277987270088 1574.3246962127691
39627763925125171 2.425987376488829 -20.33499044620229 1329.1159177801517
39627763925125260 4.601801730672557 -44.17889255652852 2427.3319227296815
39627763925125403 3.1557908520121676 -26.875932713182095 1574.9772800262533
39627763925125898 7.244094919553245 -51.61378047550001 2968.1885810926206
39627763925125931 3.920074742977194 -26.85239818379883 1591.857843442622
39627763925125933 3.2811436236654834 -21.504217476866494 1331.9142976070618
39627763925126159 6.641020119236742 -39.48716011465983 2493.3957914954804
39627763925126280 4.319663749640592 -25.795195932083605 1574.047074974881
39627763925126340 4.425223617881849 -27.874058850613686 1586.5695940544663
39627763925126425 12.052923606668669 -63.40812784028999 4228.784432215636
39627763925126512 4.604407187157418 -30.200809762359654 1571.4629795362912
39627763925126555 9.124880462301121 -46.66916659485516 3074.8131255688827
39627763925126558 3.40745488542439 -18.47462319675996 1146.6992592540305
39627763925126604 4.701386419085805 -25.0749885217408 1562.4034114999035
39627763925126736 5.043255764570719 -30.473580485518898 1618.2668188007206
39627763925126786 6.573365324552989 -32.613295942479006 2085.3449145662407
39627763925126938 14.154725484219014 -70.39324943340672 4339.816974141931
39627763925127023 12.86589722423636 -70.39498289774966 3862.3607118481345
39627763925127118 4.089693815073022 -18.34033499131957 1201.006374462613
39627763925127147 5.568571879689849 -30.50721639264062 1626.007008194008
39627763925127428 10.969538651058157 -51.359589708829304 3005.9684148750416
39627763925127687 9.155586035885975 -38.522502118537886 2366.9226241735123
39627763925127915 6.614797020481988 -24.886467865584198 1623.89210632421
39627763925127981 12.426724124056754 -51.55480146436716 3020.191772076289
39627763925128060 2.8587293127773292 -10.954792527515355 683.4706504025175
39627763925128085 7.917864933685723 -32.21111716195654 1881.9613672622306
39627763925128162 6.892391315837505 -24.62385076630905 1607.1963859371958
39627763925128180 6.9985858247706245 -26.666814329816244 1625.5438308567823
39627763925128303 10.453326135445293 -42.34858722396118 2377.7356768777277
39627763925128389 3.068684661566815 -10.481186073335083 687.797921256992
39627763925128506 13.783540282871046 -51.562363692665095 3025.3699738291302
39627763929317483 14.341729269285148 -58.08041755755977 3097.3849130530048
39627763929317502 7.491323237100369 -26.42218142570568 1613.579935403411
39627763929317533 19.74095182944876 -68.64590494353024 4227.836588776697
39627763929317547 7.609237841615148 -24.482641654288607 1625.7261821467823
39627763929317552 7.560573033484512 -24.373126092619632 1613.952608830049
39627763929317577 5.565042901504418 -18.8700136277255 1183.2362265438676
39627763929317579 14.108037507799462 -52.638144283382566 2998.851703942995
39627763929317606 9.676425232494507 -38.82621533878435 2046.5137651819325
39627763929317712 14.836625196075397 -53.135427803807744 3081.242740801807
39627763929317763 9.97690610762948 -32.44106047875578 2055.141231397142
39627763929317794 15.053651587879337 -56.547678669846384 3083.2304139421512
39627763929318002 7.982156718191369 -24.066796648673016 1582.4520595979325
39627763929318345 16.194729974474473 -48.6229997708962 3052.4150133657486
39627763929318443 22.23574850363252 -76.11028816842239 4144.699086030832
39627763929318450 6.362764673962107 -19.990749240957484 1185.2997281320709
39627763929318488 13.46803151152753 -45.93840186353998 2493.444037688556
39627763929318952 8.689710588699816 -26.890489062047454 1498.7906734793637
39627763929319010 22.186463798525544 -68.50987271715498 3793.0278432886735
39627763929319058 7.1515869453998695 -22.431356611080286 1216.1966178876548
39627763929319064 6.775907639147851 -21.04475401904602 1151.939545640138
39627763929319170 14.93179169248098 -40.84971536162501 2505.543881196904
39627763929319350 7.43304442864861 -23.006340033772982 1220.643364597403
39627763929319420 16.11137262126476 -47.146382179890566 2619.013036626377
39627763929319455 15.369976224925201 -40.38024607070942 2486.5540171475272
39627763929319485 28.314844860411323 -69.26620974674461 4556.0154742706745
39627763929319599 15.764689528426155 -40.13986858732522 2492.6882722075015
39627763929319647 7.6231555904085555 -18.712074133802084 1197.6191697080071
39627763929319734 26.650138436889133 -74.15162204111479 4143.5784243754515
39627763929319796 16.094269175881337 -37.44524911987901 2487.7466651882146
39627763929319823 16.234804491309013 -37.30666072177576 2499.1054882541466
39627763929319844 9.84975589906368 -23.550686137497905 1513.0719844667553
39627763929319899 16.51819182653263 -41.71970515046499 2520.8910416365297
39627763929319910 10.035629522680978 -29.248754555739193 1529.9960342096567
39627763929319984 7.890437852812058 -19.434021307335914 1191.8274835110803
39627763929320027 20.12156954344191 -55.575108138615626 3018.4350768742447
39627763929320071 17.622028992812503 -46.626274154953755 2629.305170582685
39627763929320077 8.130921894717028 -22.758464528101673 1212.4408547164771
39627763929320091 10.221394561371905 -23.807651882987397 1521.0417980977804
39627763929320149 20.783731716935034 -57.818968392530316 3068.2967187320783
39627763929320164 8.084963154002907 -20.8656841238425 1191.6489764030648
39627763929320452 18.348715871300147 -45.79956820514309 2610.4642600603593
39627763929320489 18.5773466917239 -46.39910424179299 2629.57642934528
39627763929320548 8.699056305357544 -19.78343251514851 1223.0940880695034
39627763929320710 10.964744508301019 -23.786277919031605 1514.85939036319
39627763929320729 19.101185182302302 -45.465884310008605 2633.577144753743
39627763929320833 17.190158766805528 -39.85069431638655 2345.5470396092546
39627763929320931 8.841134943287974 -19.082111603909574 1191.8555101562742
39627763929320932 6.9908861293281905 -18.128129436982245 942.4235317926951
39627763929321043 11.222148125493161 -28.322714973855714 1494.6451215993322
39627763929321318 19.384053281996106 -41.86527503446925 2507.643579037869
39627763929321339 5.030336926552556 -11.576015536568233 648.6936578074292
39627763929321384 23.792139403947566 -50.46517511617481 3050.6923225879736
39627763929321414 11.623307822401898 -23.458561597156574 1485.8523617106143
39627763929321489 30.388540346136526 -58.08090320988354 3853.398999120102
39627763929321565 12.002812140904261 -28.457742458426104 1508.0146820549949
39627763929321687 5.235323158930956 -9.658037648033801 649.1728455988033
39627763929321713 21.150162740062207 -44.28196487851323 2616.909064330853
39627763929321759 21.2515161984665 -46.56509028858379 2615.460827409259
39627763929322030 9.791650541752077 -18.892684671693125 1167.7345685707808
39627763929322118 22.158930290922072 -43.297671462713176 2617.2041535325757
39627763929322125 22.173689224801652 -43.68170937993491 2617.019285416273
39627763929322163 22.383908373490954 -44.014469769960655 2632.132708373268
39627763929322164 10.145261620968359 -20.94887135479676 1192.7189311813522
39627763929322203 10.116905154269457 -20.667318002505866 1185.5084007778178
39627763929322608 23.434326737601875 -45.25980355325053 2637.784886095809
39627763933511736 34.151431195960676 -56.72426298959866 3809.480359433846
39627763933511759 9.981833847421983 -16.671706610302465 1112.0340606631764
39627763933511814 23.587434045789358 -41.91393005180443 2612.9505273910386
39627763933512193 30.911077687111916 -62.35948884531659 3320.00099931028
39627763933512202 23.376842567680693 -39.284918232217 2508.948936303353
39627763933512237 24.592598338292085 -44.30043787487356 2632.961609162601
39627763933512280 38.81576236487747 -64.51017148374675 4141.8375751542835
39627763933512481 36.696613437181256 -57.61845027816756 3857.1242758688886
39627763933512586 37.01532989496917 -58.90198681755693 3859.3204129283736
39627763933512763 36.43641683670166 -69.28253380196254 3744.4981095933467
39627763933512774 14.25649747860592 -26.410908770970558 1463.9428770057775
39627763933512824 24.292500755990588 -37.376952079688955 2481.793759343756
39627763933512882 40.71034369613392 -76.99926411424698 4143.91617621514
39627763933513005 37.84164260719531 -71.81087850425266 3813.7388428162517
39627763933513127 33.160814811437774 -60.461990276699495 3311.372464340738
39627763933513249 11.64569219724783 -22.08545924578344 1153.7111479016628
39627763933513652 34.454345008620656 -58.94148994220166 3312.773770366341
39627763933513656 15.336789381828115 -27.793728978810783 1474.1361872153732
39627763933514010 44.19079636645361 -75.12442842781677 4135.540517165897
39627763933514216 12.541852762153194 -18.743131510204574 1153.4764996028289
39627763933514221 41.593146687961806 -69.12174631116093 3823.548852085039
39627763933514497 13.09484050151014 -22.304601985455058 1177.073850762668
39627763933514573 46.29610103661183 -74.53875629962134 4139.1332850541085
39627763933514644 13.335340954581 -22.816492807204266 1186.6287246660374
39627763933514698 42.988605919158005 -65.44223922621525 3807.4572669981376
39627763933514768 43.367418539981735 -65.68900246129236 3816.544943899344
39627763933514833 12.63108612822452 -18.303709378702113 1105.5294347599345
39627763933515188 36.99787135479354 -47.625556468314755 3162.5274926145935
39627763933515375 13.779800483400809 -20.694799849704026 1161.7374371204678
39627763933515467 51.359035439837726 -81.81738631453487 4303.655554619139
39627763933515586 49.7965883635279 -71.74089204846167 4133.119513443538
39627763933515771 32.04646496873155 -39.5534349417582 2625.1044295617107
39627763933516020 47.396025340680254 -61.754888880022754 3820.483473226622
39627763933516057 31.35439881727982 -45.743163056589246 2521.2340509990354
39627763933516165 38.460359661702554 -51.452473746713096 3072.207332128118
39627763933516439 52.78468697929249 -73.517506138939 4135.349135178193
39627763933516700 13.318793689118294 -19.25423022766395 1024.9232653702106
39627763933516864 15.321334404341602 -19.88864863026216 1166.426415149458
39627763933516881 15.81986783248368 -22.893924636478562 1203.3456196794393
39627763933517015 13.675754276367416 -15.539715498823425 1032.7180602993735
39627763937706136 51.74663554908797 -74.06939743556674 3865.362600223177
39627763937706154 51.48413497495971 -57.468719759509746 3841.148683857601
39627763937706240 18.3463042456097 -21.88939529257701 1361.353493014126
39627763937706320 52.12793779687456 -57.78081464372128 3848.7117843518968
39627763937706491 51.13431725339981 -66.13268730632021 3725.900757561092
39627763937706545 42.40295930607397 -52.904905809281885 3077.8535335231977
39627763937706575 14.188426381117816 -17.011962165926423 1027.3936788564554
