codigo/galaxy_cartesian_coordinates.ecsv
# %ECSV 1.0
# ---
# datatype:
# - {name: TARGETID, datatype: int64}
# - {name: X, unit: Mpc, datatype: float64, description: Tangential comoving distance in RA direction}
# - {name: Y, unit: Mpc, datatype: float64, description: Tangential comoving distance in DEC direction}
# - {name: Z, unit: Mpc, datatype: float64, description: Radial comoving distance (line-of-sight)}
# meta: !!omap
# - {RA_CENTER: 199.9880730725353}
# - {DEC_CENTER: -0.022809067094684703}
# - {COSMOLOGY: Planck18}
# - {DESCRIPTION: 'Cartesian coordinates: Z=radial distance, X,Y=tangential distances'}
# schema: astropy-2.0
TARGETID X Y Z
[from data line 7520]
39627806224679821 48.35062905723268 29.007620182754117 2120.52416857367
39627806224680389 90.71596460411489 52.64207505799096 3901.538234791264
39627806224680467 72.35512024319529 38.04397059761362 3104.709894333265
39627806224680565 33.95129156448041 16.573413664924473 1452.5962333206955
39627806224680594 34.26288685057604 20.5640862749761 1464.5490917997718
39627806224681091 97.5491560748851 57.37001704980088 4094.0595457191775
39627806224681454 46.113295953855726 24.14574635753964 1910.023512745352
39627806224681773 93.76748389046857 56.64843803700035 3837.2526458577695
39627806224682011 30.052695984492996 17.569123451377312 1218.1766266160255
39627806224682195 52.86964755082512 25.376446573647375 2124.818608359537
39627806224682247 20.107024371979648 9.395327361644222 806.5258292879977
39627806224682467 53.33010499080967 26.982300174310893 2121.8495199379972
39627806224682505 36.856770609302075 18.346531129539407 1463.2578817408416
39627806224682913 39.24426899408436 23.261562870746907 1536.4955631358057
39627806224682938 29.495213613406357 14.081018738810313 1153.911841423923
39627806224682960 29.77962773264325 16.340790186127794 1164.1578020993159
39627806224683252 75.15080078611471 35.98963723365275 2907.945357650087
39627806224683259 39.64127757291861 23.615771291966027 1533.60851760736
39627806224683358 75.49732069308881 35.461067467481406 2910.0386917072865
39627806224683363 75.5077954907709 35.415706856262275 2910.0920660075467
39627806224683457 87.45937950726321 40.747333406341 3362.54372584017
39627806224683506 49.55418108457126 24.107413924579525 1901.4939307558614
39627806224683533 76.0848845387942 34.74797591496273 2917.0220019792127
39627806224683727 69.49440672127882 40.70807050416862 2648.5026319360636
39627806224683868 69.95825343458827 39.57169962888501 2653.9877784877867
39627806228873418 36.432081915454866 16.168107941855208 1371.376090760737
39627806228873440 31.540393713196153 15.459019696366317 1186.2936682128577
39627806228873532 64.50448025697264 37.541490342470915 2419.0719883174756
39627806228873618 23.30377589228564 11.51380557539378 871.0356681444046
39627806228873841 88.35545449285375 46.419557030788575 3277.612596583828
39627806228873869 32.83189522727063 16.756195224871856 1216.6530593481975
39627806228873910 31.992663304592245 14.511383203245435 1184.1221802309587
39627806228874056 68.0439065415198 36.291796224818455 2506.68019559177
39627806228874148 85.97459040488148 39.92581636606148 3157.3347367247006
39627806228874417 86.75247676781447 45.76410469521253 3158.3939109640924
39627806228874607 43.22710174820767 17.91157473427881 1564.413506274603
39627806228874633 37.93476422484049 17.596141111479742 1371.9827013774495
39627806228874975 86.75216779705353 41.583078282144065 3106.5763252724823
39627806228875114 87.3669930041271 41.504305760232434 3113.921649483228
39627806228875288 33.238725491931234 15.127673219002165 1178.4548046932507
39627806228875409 88.5134245977889 41.686190568494396 3125.5655564581452
39627806228875611 88.9231328894307 45.06102171622667 3122.7905764781326
39627806228875660 33.80389552540117 15.958040493137226 1185.044334848897
39627806228875866 19.37706885741214 9.910321103670379 675.52415106383
39627806228875992 15.165905206165213 6.308145986176911 526.638818145911
39627806228876008 44.47534662184278 21.69737697408637 1543.7445170317962
39627806228876116 91.15579283843643 45.36719202461928 3154.439180095372
39627806228876147 15.098418583580983 6.624423339108095 522.0264288192245
39627806228876288 45.59049014160038 21.726772456546943 1568.9711076679348
39627806228876454 40.30248658906299 17.49535200150112 1380.919416999394
39627806228876693 63.10423912653028 27.216943287612395 2147.441636122926
39627806228877347 102.53559511968085 41.592694019252676 3416.3521399820675
39627806228877355 122.59470808347685 48.742814615355584 4083.7413730610774
39627806228877394 42.02095020587777 18.739694903362118 1398.6544270348254
39627806228877645 42.57973695868026 21.56475923790439 1406.5081957906336
39627806228877713 47.595105379482455 20.614192351630848 1569.1927292298224
39627806228877846 35.13511087396156 14.512417604753088 1154.6513742842294
39627806228877898 35.49837949122072 14.528429020686184 1164.9659316704597
39627806228877934 44.153764247295975 16.492959939924813 1448.0164077436907
39627806228878087 60.93734081672878 29.200251362290246 1990.1794106016032
39627806228878205 125.99426718581218 53.71811889754239 4102.009382770331
39627806233067762 37.33998043479095 14.217859311824546 1206.3517828014844
39627806233067900 86.60947839026545 35.50129618813535 2787.6374956082273
39627806233067925 48.046949529356574 23.555228359173423 1545.6153558916849
39627806233068121 127.54854737278407 62.89396755937124 4081.201802522271
39627806233068195 49.44972001864453 21.347681563716154 1578.3703714242372
39627806233068257 48.677167699440524 21.14706356496068 1551.046096570632
39627806233068400 93.33992449300769 35.10378315088003 2963.4130995570276
39627806233068424 16.43940439784266 6.886414390468317 521.4790899997993
39627806233068458 37.349337363487535 16.64389795823487 1183.8349075913245
39627806233068534 37.924308634209005 14.875950552605682 1199.8896497981148
39627806233068537 30.181097101503518 13.290821140991847 954.8675028005135
39627806233068568 62.942969257847246 26.462522597823046 1989.97614351073
39627806233068945 130.50675671217437 58.54817431119084 4086.6499338601247
39627806233068964 89.69385670006712 33.130554054817935 2807.767545746188
39627806233068985 89.73481908033347 35.25638141169211 2807.8659574210033
39627806233069130 50.37417018105077 24.330659283892125 1569.9615826652782
39627806233069226 46.426512128246735 21.53222298367374 1443.1886206405495
39627806233069283 89.91130413924064 40.47051325653565 2791.5143745375985
39627806233069364 90.19928264233988 36.699074258357484 2793.9280178049594
39627806233069538 114.26892285263332 40.49521172186679 3525.9640886530774
39627806233069546 90.25948540243306 33.44162042531219 2784.543429908536
39627806233069547 64.96846115744178 30.351266205030672 2004.2413861310308
39627806233069585 37.61634719511347 14.584604144460872 1159.6005297103868
39627806233069893 81.2646577131248 37.32979444018236 2483.2363821193426
39627806233070335 36.97568850299954 15.964246074780709 1117.8834281600107
39627806233070358 105.59174069303587 40.734412931750974 3190.512324948556
39627806233070402 92.36251177142911 37.345555055187525 2788.3336359992268
39627806233070704 37.14059065004696 16.661250897142146 1114.4044542199395
39627806233070955 106.97431904565872 44.647196004715084 3190.3371721022922
39627806233070990 52.95544329252118 22.236416899893836 1577.4891358392517
39627806233071130 105.46476478131348 48.95051912351976 3132.526780398815
39627806233071164 8.889869611368084 3.2735199842132046 263.843202341201
39627806233071211 105.46012102268672 47.78589005744604 3127.0679503736797
39627806233071250 0.020982123620885834 0.009461996998660932 0.6215711570813429
39627806233071556 138.47628276607784 58.741000447039504 4075.120143009609
39627806233071633 80.10295842679183 33.429810689713406 2352.9786761595356
39627806233071660 158.512305056383 70.98603562670876 4654.02355352754
39627806233071763 49.51012709286898 19.31515313160552 1449.943363909133
39627806233071777 158.89429198594735 70.94277765582797 4652.134260692245
39627806233071786 49.09244950679092 18.154536905844513 1436.9320441839434
39627806233071872 120.85619739782703 40.7273808622901 3529.8828429808636
39627806233071895 53.4188420426008 18.723227842221444 1559.3546635015807
39627806233071898 32.68867736076774 13.819397769198527 954.2002345829184
39627806233072146 158.50953999132994 53.927775169393705 4600.454923941985
39627806233072358 131.79363184217877 59.3975535370032 3808.0635692776564
39627806233072468 123.24080081248383 50.26700137067859 3551.713110550188
39627806233072480 50.10499859070918 17.71020878856882 1443.7766094826536
39627806233072494 105.53227217219474 46.807931509825366 3040.297336988934
39627806233072663 142.45135758908083 54.14896369353806 4090.5749596369055
39627806233072750 124.19696533001402 43.60192178621484 3559.8033740338014
39627812209950838 -39.457548200153184 19.726320547968367 1139.0078618498821
39627812209950861 -103.50936097894149 58.343444259260565 2989.857516696831
39627812209951094 -35.016166581763365 18.521268814186698 1016.3946933250886
39627812209951325 -144.26667672457904 80.39307727660493 4209.426766942812
39627812209951553 -131.16153129367112 68.04228500927353 3846.5057138119987
39627812209951613 -34.59215372121 18.514950399825786 1015.8702312906601
39627812209951713 -119.27754709880224 66.2959266527214 3511.326068594776
39627812209951717 -130.74211678341564 68.34013341553097 3849.459542696112
39627812209951762 -119.11340774035506 64.70022464245241 3511.130385629486
39627812209952007 -70.63182016380468 33.272935407143 2095.129401293591
39627812209952113 -120.63795502974311 63.45673421627192 3588.826894419206
39627812209952260 -128.5039852974221 67.5991121035089 3835.586189185828
39627812209952464 -76.45676183029708 39.03516143507117 2292.151853598629
39627812209952480 -97.40622351663643 50.981539240302176 2921.181828298974
39627812209952595 -119.95375899486979 64.04457530160417 3608.888648271221
39627812209952654 -119.86320955426794 64.48077436977691 3611.82350137767
39627812209952802 -127.22388986545482 65.79216207667343 3845.4356427949037
39627812209952849 -103.72821095783674 52.31605311470837 3139.9605428361574
39627812209953061 -74.90363700556989 37.38423307311366 2280.800286769928
39627812209953104 -33.7149116963058 19.000448767180753 1027.8298799159256
39627812209953122 -33.94411983174187 18.19715896612317 1035.1764556180349
39627812209953151 -34.64853634982357 19.073638547600808 1057.2348956235091
39627812209953243 -21.7622636925814 12.539149123425242 666.0143454305978
39627812209953358 -72.736725724647 43.25884955476605 2233.0327493012837
39627812209953441 -55.15949870766365 33.04367611417121 1697.087817827759
39627812209953585 -0.0034072853017566634 0.0019544021550644396 0.10531179862266161
39627812209953874 -32.06581338465803 18.036085391124686 998.7269651037672
39627812209953965 -33.129340587620206 16.919058897254438 1034.3187872084527
39627812209954018 -63.33496976481336 31.263628201144467 1980.8764872215106
39627812209954045 -95.57907218805427 57.97659602919352 2992.062917144116
39627812209954070 -110.18766073202488 68.47153880435509 3451.3710782528346
39627812209954157 -33.65683665400752 19.979338951724333 1056.2746712754806
39627812209954253 -32.79917303885097 16.741030623200665 1032.354828394485
39627812209954313 -94.30704276724865 55.58267635910545 2972.3903179909526
39627812209954366 -121.87855820977377 69.51382127639829 3846.1082262769282
39627812209954466 -32.10018014329059 16.473481050920082 1015.3907829770259
39627812209954495 -33.320090614286556 19.793112439848173 1054.7858854573176
39627812209954552 -31.890022727745457 19.50712631777074 1010.9073358204055
39627812209954561 -62.10222926850766 34.10638138717271 1968.9715041588954
39627812209954766 -32.1290419753376 19.304040702194367 1023.97499545918
39627812209954793 -61.56946203208259 33.897613382630276 1963.322751393373
39627812209955004 -32.995821630028225 19.760059415040875 1057.5432771293645
39627812209955042 -69.49198082904176 35.580253864619245 2229.822398872423
39627812209955129 -32.72295622627791 18.64745744554076 1052.5576072377685
39627812209955196 -11.634037065658214 7.272514848830035 374.9052897598178
39627812209955249 -32.65591219740433 18.85009061414757 1054.1004010844322
39627812209955283 -97.07414943459746 51.1135800624906 3136.4117668623967
39627812209955294 -31.273403216738078 19.9459442710364 1010.9188239997623
39627812209955380 -42.143516355765136 23.22646647565279 1364.746181627517
39627812209955482 -30.952650211645913 18.426199685775906 1004.7576925267045
39627812209955628 -31.701967341325776 18.634196057760146 1032.7625306379039
39627812209955701 -96.15580753012678 50.674778425581195 3138.6329319585366
39627812209955751 -31.536345206017046 19.037593422557375 1030.7894227889888
39627812209955798 -51.943515226321026 31.239074604659596 1700.4248266663224
39627812209955853 -134.5079006413555 70.11296627470857 4412.347246866543
39627812209955997 -32.46426868559155 19.045920212832698 1069.948412836843
39627812214145122 -31.2464250663312 18.1324636982492 1031.9527029267342
39627812214145218 -31.79002347212607 18.03426807809275 1052.7573545519379
39627812214145351 -30.69715346825124 17.866014539274204 1020.5107508339181
39627812214145367 -30.76640340491167 18.320077969908226 1023.299798219625
39627812214145379 -63.36442439903355 41.24297098917462 2107.9773645596424
39627812214145442 -57.71869234419524 31.723333291691976 1923.9814821495704
39627812214145479 -62.895683334454475 37.81501261306057 2098.8898365190785
39627812214145507 -57.462069796503584 31.630416512294307 1919.3912005905847
39627812214145526 -20.508367218109427 11.16482585143552 685.4256700114274
39627812214145622 -31.04812521159423 18.269828670725165 1040.90911354099
39627812214145787 -104.58560317806959 68.17191355863514 3524.545053453136
39627812214145896 -22.620730993418082 13.253581527709585 764.6062557047034
39627812214145994 -30.60887321208968 19.195899852087116 1037.1825555671603
39627812214146225 -22.32144457555565 12.927370036583703 761.0581353903261
39627812214146257 -20.122402997508676 12.857444663741244 686.6005175629741
39627812214146487 -25.195706756057017 15.313563486365389 864.8531292425325
39627812214146576 -29.37778894077546 16.759531949326007 1011.0525269008548
39627812214146633 -72.32450491361594 45.45944993775409 2491.9268554900364
39627812214146635 -57.73032075945499 35.92992895429542 1989.3062690272204
39627812214146690 -24.889930835310384 14.88754140764848 858.8698768872715
39627812214146740 -103.4592547783332 60.42732865660468 3575.4023353848966
39627812214147029 -72.59773536769225 41.32011030014345 2530.1563738692257
39627812214147040 -29.509468683328244 18.233069719874628 1029.0234853810275
39627812214147103 -29.46472236853263 18.022482146714516 1029.0577161019085
39627812214147131 -28.890267279431587 17.292462859792835 1009.6679994811232
39627812214147176 -28.23304491260227 16.758125846991366 987.9357508018351
39627812214147202 -56.79126237899718 35.68300488745112 1988.956555306109
39627812214147227 -59.452795441108734 39.69362347596174 2083.3272610823215
39627812214147259 -72.49398309928804 41.86903819236109 2542.572309166289
39627812214147620 -46.4112728895736 26.414457287052215 1645.583895402876
39627812214147648 -71.71730483677578 44.72605141724796 2544.6168563639876
39627812214147666 -71.98133981940661 42.123589458405135 2555.2446059746153
39627812214147833 -107.40326415488653 75.80700167287029 3834.8066115328347
39627812214147895 -54.011211391956145 32.37904059371794 1932.5958219209854
39627812214147972 -73.96552829131616 46.61552861613124 2651.695684445467
39627812214147984 -97.86110334537139 55.749235017797965 3509.4865101427854
39627812214148131 -28.09614759826236 17.421252467087267 1011.8816368933847
39627812214148159 -98.88609334178652 57.16868054801221 3564.3729779889795
39627812214148324 -114.50440055136015 81.19376244358118 4147.165710826937
39627812214148556 -27.61035804570712 16.457528238280933 1007.2747149899685
39627812214148786 -69.50102639885225 50.84039247933703 2555.528898706169
39627812214148891 -69.53889235627213 50.586408555096035 2566.5410996762457
39627812214148989 -23.249339641987923 15.711395452682034 861.2592963138617
39627812214149006 -123.06701862196897 76.208532408371 4561.471618978977
39627812214149072 -17.95478471753638 11.457997908811732 666.9739284547361
39627812214149138 -68.4346888106231 46.18674518461492 2547.805797854723
39627812214149164 -68.07632794124157 48.267454497527154 2536.284626656126
39627812214149429 -67.36759408423488 47.000364557254926 2533.1676977217
39627812214149503 -67.74660707032001 45.89433499612108 2552.8764255580813
