codigo/galaxy_cartesian_coordinates.ecsv
# %ECSV 1.0
# ---
# datatype:
# - {name: TARGETID, datatype: int64}
# - {name: X, unit: Mpc, datatype: float64, description: Tangential comoving distance in RA direction}
# - {name: Y, unit: Mpc, datatype: float64, description: Tangential comoving distance in DEC direction}
# - {name: Z, unit: Mpc, datatype: float64, description: Radial comoving distance (line-of-sight)}
# meta: !!omap
# - {RA_CENTER: 199.9880730725353}
# - {DEC_CENTER: -0.022809067094684703}
# - {COSMOLOGY: Planck18}
# - {DESCRIPTION: 'Cartesian coordinates: Z=radial distance, X,Y=tangential distances'}
# schema: astropy-2.0
TARGETID X Y Z
[from data line 9258]
39627824310522470 -34.529105363781305 87.24164657508021 3540.4537148290615
39627824310522553 -25.588103881081786 70.32134147583041 2639.6601423683132
39627824310522737 -16.835124085978325 46.51325528102124 1759.0696815995575
39627824310523325 -21.92376443312541 61.371054201292985 2396.0896494611675
39627824310523584 -9.976300702518115 27.466935851527474 1111.9358829391651
39627824310523749 -22.594313998733625 66.5651344283696 2549.61169301806
39627824310523776 -34.86397352537146 107.28322487388033 3946.477995393532
39627824310523915 -21.89339719389343 61.232810441875635 2507.262332819663
39627824310524060 -26.52143901701717 85.54564160465287 3072.7545028292184
39627824310524132 -15.283422197470232 50.572063501139915 1778.720443521478
39627824310524136 -22.66265401245055 65.87400485741057 2638.149753553418
39627824314712400 -31.49538613292817 96.26199095871324 3783.351752263096
39627824314712633 -15.810645767342823 54.98637851935474 1938.762816066524
39627824314712674 -28.56697810897476 100.06848699032246 3516.6696446019655
39627824314712795 -17.19136920716153 57.926988643892486 2137.1471577737084
39627824314712799 -20.071273514964698 63.86331256873712 2495.556411303793
39627824314712969 -24.48197557437612 86.68841243292503 3089.97072634627
39627824314713226 -5.2964408593177685 18.382114979512924 681.277382401325
39627824314713279 -19.719204512952597 67.1171709427561 2548.9023572454876
39627824314713302 -27.103028037554285 100.47215321890323 3511.201293198277
39627824314713442 -15.021162892002472 53.71465352100628 1969.4434194378955
39627824314713680 -24.770651357348672 91.97976149767635 3338.3629544606374
39627824314713686 -14.614915226594585 53.39722970997427 1970.4656269474392
39627824314713785 -19.413869053465582 74.80498000626741 2639.981386144893
39627824314713808 -27.826418953166883 101.24858610071053 3790.3515640315613
39627824314713992 -14.215198334905516 53.53606436724573 1969.0971751434197
39627824314714018 -21.610549310267626 75.76584282287257 2997.7864616436814
39627824314714080 -22.328741508792337 89.3449212068058 3114.1928947697556
39627824314714183 -26.887666835864888 98.38410157797958 3781.763510685707
39627824314714351 -13.808475274391899 55.58526653861825 1969.8539119377083
39627824314714511 -18.186291730402882 73.76982178587335 2632.828023398196
39627824314714600 -20.659250705154726 79.84185676408252 3013.0949106001185
39627824314714659 -20.61430953798687 84.88382864688975 3021.2428722604054
39627824314714712 -4.603498999435261 17.74129790980439 677.6830702491102
39627824314714824 -16.727832614813927 64.95904699789371 2485.7097102255766
39627824314715043 -23.371819481463536 92.21214988435689 3536.3398826230978
39627824314715087 -6.897981960641834 26.090218593707334 1048.482846595574
39627824314715106 -22.002476299552157 84.72211334876629 3347.992399857743
39627824314715355 -16.941392429760867 75.87370707070632 2638.5327860633515
39627824314715449 -15.725506296267692 66.44478800510255 2472.145109130491
39627824314715653 -15.55275033056166 64.02078207021557 2494.2079177333076
39627824314715788 -19.462231996627395 81.67557348562386 3166.887143292171
39627824314715852 -21.573938892745044 86.38132643886918 3540.0939449655516
39627824314715962 -18.647389258691124 82.38947111922708 3098.5152477421484
39627824314716180 -17.494097599290527 82.910708183002 2984.68070810183
39627824314716529 -17.30506510151235 83.44828347132986 3081.348447804493
39627824314716616 -17.380404445255948 87.113291515035 3127.9105869928026
39627824314716766 -20.559281556862196 101.35218228955489 3779.704692293208
39627824314716885 -10.460728493057774 56.00177273086454 1959.8680514825098
39627824314716943 -21.217122393738492 104.88418724953378 4003.0983501477613
39627824314717061 -1.7867253941325356 8.433583719005144 342.92916183190306
39627824314717189 -19.33461838947662 101.53106354603793 3781.1261870214075
39627824314717327 -12.533332788790512 63.085402861441075 2496.590572576868
39627824314717329 -12.454720967215406 63.08036769198306 2481.2204113021317
39627824314717365 -18.94814626656805 101.73216268001605 3792.2307728389724
39627824314717397 -14.754243111157042 76.53636548864269 2965.631302430034
39627824314717491 -9.650880628719866 56.16968072993227 1960.1081088923672
39627824314717619 -15.093925990214728 84.43492240094342 3122.8441311856877
39627824314717700 -14.218198162109536 85.3590094114217 2976.0788094555055
39627824314717773 -14.110616921074204 83.00278943357063 2977.2188056742248
39627824314717806 -17.842749657741717 103.59704236158906 3781.645601906263
39627824314717811 -14.745208243422805 83.10148385731101 3127.599720776511
39627824314717824 -14.705855701717352 86.76538225882702 3124.5715609147787
39627824314717834 -13.981698442812283 82.8881511230732 2974.233593159512
39627824314718177 -13.93093013369047 81.90968789325284 3129.4559850058217
39627824314718215 -13.173294574183625 81.95921266931836 2974.3031234533796
39627824314718544 -12.996484605480907 84.59401364382249 3116.374497262399
39627824318906485 -14.484638450676341 86.71219930428389 3538.6042622527157
39627824318906515 -15.034235934337017 105.55407108755008 3693.0145705059776
39627824318906602 -14.901278557359632 90.73076713261726 3717.8961742682827
39627824318906661 -12.394058106902781 83.76376873820757 3126.027595576246
39627824318906710 -9.901897500200024 63.46916088392527 2518.164776267834
39627824318907004 -9.816815280079801 72.32432330528393 2650.758456589155
39627824318907120 -7.03995863680359 53.08039725509346 1949.6079218925431
39627824318907573 -5.0621649135497115 41.58793090416062 1551.2489214456753
39627824318907701 -8.363272941311308 72.99853183087271 2647.969680053084
39627824318907840 -9.651885609282067 85.00209204024198 3165.930722444054
39627824318907907 -11.97647576900705 104.54084670949915 3997.401536800977
39627824318907921 -4.679047253445096 42.22273248053492 1564.1641563913388
39627824318908006 -4.555271295380112 42.19771189085258 1553.3401367293764
39627824318908200 -4.342540193004584 42.24253899428119 1565.3338652481482
39627824318908274 -9.959214552796006 104.89381986499494 3681.692114913644
39627824318908301 -7.089939890628173 73.31523965122679 2645.8485229252624
39627824318908414 -10.342778582454143 110.83485540676028 4002.641254688864
39627824318908436 -7.595747127553717 81.38845773980536 2962.9241419124505
39627824318908482 -2.687221243770604 29.857968931963498 1060.0460454420138
39627824318908555 -6.167218046045257 62.84959684949221 2487.7160288359582
39627824318908652 -7.624510673571171 90.14292322594756 3168.1941843844997
39627824318908680 -4.609000229638986 50.0295547997079 1935.519294088449
39627824318908707 -8.717640313639173 103.7131753637886 3695.132683398167
39627824318908775 -3.3406809849072068 35.76182145637288 1448.4811804175376
39627824318908854 -2.360842788986426 29.20934291948451 1056.038702581217
39627824318908899 -6.5270148171589275 83.44568044421487 2975.2567858148172
39627824318909095 -7.120515328083608 90.52249228574715 3555.9420254704255
39627824318909204 -8.860050143498238 125.8938538625149 4643.546472552042
39627824318909213 -7.02358444965775 104.820341326716 3690.788171599258
39627824318909228 -6.961681372545063 103.0430631857114 3698.419421446787
39627824318909287 -6.774009153257195 102.17422063766642 3696.084831113137
39627824318909320 -4.399859538311385 59.691192471929696 2441.200231273291
39627824318909721 -5.257902180335309 94.90888308056883 3530.400774784106
39627824318909791 -5.823297056985721 113.49097917068852 4048.7039730101515
39627824318909986 -5.247332724800421 110.5565855037573 4034.5323431269917
39627824318910209 -3.91930250893826 91.0434232836654 3513.4138990057113
39627824318910302 -1.0372203931240491 27.05258522915467 998.5776805629324
39627824318910329 -1.1734045277888303 29.916852793666457 1159.1400610959413
39627824318910522 -0.2787231881268851 8.659883201371631 322.8331919500442
39627824318910565 -2.6412687525613965 77.58176513221235 3150.098334016136
39627824318910787 -2.2608080030931887 98.47428984928612 3521.5012800270997
39627824318910801 -2.228955838120033 98.39633859433867 3525.97049113486
39627824318910843 -1.875753727338299 88.36214429048738 3127.5624028883667
39627824318910845 -1.1617738016576842 51.261583311515054 1937.5320532435765
39627824318910876 -1.6853418721502702 82.5126383539654 2911.6145696745275
39627824318911126 -1.3867425311876487 94.25833647193869 3563.2607619861265
39627824318911193 -1.4083181650398755 118.48534307295618 4223.101798877276
39627824318911464 -0.4165364697740001 89.55093491986233 3541.8501628422955
39627824318911529 -0.13560693819599579 51.5654414566949 1929.2209204084718
39627824318911554 -0.03350987712606301 17.99793575912489 689.0393968950194
39627824318911707 0.22324729186933767 90.05151653586515 3618.103106581982
39627824318911749 0.44416600917907045 123.41707543462526 4509.402664165958
39627824318911843 0.17496559545767704 26.052593427249874 998.5490620906363
39627824318911851 0.39494639079369215 57.18954428096964 2208.2195268460687
39627824323100888 1.0309085480681466 75.567687769575 2979.7195219505506
39627824323101407 0.5280665293992318 18.906617219062692 688.5936825415262
39627824323101547 4.156235976640037 126.43047340725676 4723.160011788138
39627824323101626 2.265696263276736 68.72462498269441 2435.3496697574046
39627824323101757 3.8240144691240223 96.7092873318551 3672.3072843356067
39627824323101894 4.271468970631334 102.86932211950939 3654.795585738048
39627824323101950 0.8327170144215589 16.863968889984164 688.4909408629414
39627824323102029 4.596193766882196 90.11133523679115 3630.971985672345
39627824323102054 4.684101537720349 94.95592488994744 3656.2429149908126
39627824323102128 5.460641344629879 112.64432499078696 4100.745914717907
39627824323102142 4.711824510740022 96.8482976519387 3523.0295006374513
39627824323102420 5.676047729567638 95.68134589869324 3661.2982932425366
39627824323102530 2.739394182548448 41.72638382640663 1695.9933423332302
39627824323102733 5.296296710647184 83.55280186183585 2973.9175754484927
39627824323102864 7.13247061513249 95.2809609305579 3800.5686609430118
39627824323102930 7.344068592674096 102.90644961452469 3807.285423650122
39627824323103467 1.8215177693960922 20.866364151734818 786.1664810384674
39627824323103505 10.961542047827887 124.65503893053848 4662.030646971228
39627824323103575 8.755245063494009 102.61199277197235 3633.7087942490302
39627824323103672 11.560176602337814 114.99725733878371 4677.510722479327
39627824323103735 8.836661269319302 87.88087411815387 3524.8278900253845
39627824323103853 3.7880163019656994 37.13612634725777 1464.9929238645448
39627824323103890 11.111940620594599 104.37257868932952 4248.581065344649
39627824323103991 9.544029711111232 92.68714801644693 3539.3429122850257
39627824323104091 8.210270804670621 83.41913239999967 2968.2515578100574
39627824323104130 5.775320118605739 58.97773750012378 2062.3432853919485
39627824323104132 1.9213530088495765 17.17498469802155 685.7955330999965
39627824323104325 10.479006588451593 86.31648223683032 3530.5883752144478
39627824323104430 10.775088756503788 93.65412774512026 3519.6671681148214
39627824323104527 13.358548831122306 121.85083171252576 4249.5446631734585
39627824323104573 4.9213196401154375 40.74841895626876 1540.8758561703848
39627824323104582 4.658813851811925 41.317919594977965 1454.3101392120197
39627824323104596 4.923856938087492 39.98989872541367 1530.1594387860932
39627824323104661 13.381392620314605 107.89231517323418 4080.620371591657
39627824323104751 6.924156710842635 57.253828189126544 2064.164165054208
39627824323104818 6.551465234949689 48.78247109034241 1920.5194651181869
39627824323104825 13.926586610235262 114.89237908928989 4076.973439538053
39627824323104862 5.30873729706602 40.54174817461354 1544.7129860918333
39627824323104912 3.661630048768731 27.239677848319364 1053.3180757097716
39627824323104990 12.492510925154923 89.44627076059551 3517.659082574442
39627824323105013 6.845351543751863 47.260420574412514 1912.436498075188
39627824323105025 12.683963921779226 95.62816056082325 3530.0568045611717
39627824323105040 12.64412111750028 94.83361292423093 3500.1527012098118
39627824323105074 17.250503819054735 133.9537093096863 4730.360837715539
39627824323105130 5.738620599405238 42.28064339063016 1552.2337970017563
39627824323105224 15.419488017443253 113.99694357330932 4087.3053285313854
39627824323105506 7.619384091903242 54.362969751808194 1916.1825212117287
39627824323105541 14.035534716363932 92.09765455275472 3507.091508628411
39627824323105574 6.25293971344396 37.90563874563135 1551.3566534104602
39627824323105595 14.316892458103318 97.50652572643172 3533.6073740252846
39627824323105617 12.127004893604814 79.25078739217045 2982.823417002794
39627824323105625 13.439486046005369 90.05184249343405 3299.397520438039
39627824323105726 6.423619925401495 38.27038491935515 1539.7428692730052
39627824323105781 8.144429272093129 47.866043099997036 1930.7125358163698
39627824323105803 4.943795406232382 29.95885458644351 1167.2017426492364
39627824323105864 1.248860216315338 7.7546519241287095 291.06196756883304
39627824323105876 14.17542806530404 91.4198705011198 3299.6981779749467
39627824323106023 8.486065562049584 54.22970580758618 1921.7577522769132
39627824323106192 8.691379417076137 51.50445516765509 1916.254986710963
39627824323106249 11.290009630427285 60.905918175233445 2470.856641807488
39627824327295045 9.290982328582682 56.21792682468702 2029.3606775259252
39627824327295188 13.978566756427382 81.06898249435142 2985.1788604674216
39627824327295263 11.715267869655394 61.13881574200626 2476.0426024582757
39627824327295368 15.889531994826882 87.15211530632737 3298.108954357817
39627824327295466 10.262961135671109 55.188126817200434 2090.4462538171388
39627824327295495 17.400482017591507 97.11501228873989 3526.775464151397
39627824327295744 15.292315155888268 81.41327004906185 2990.3856053147283
39627824327295827 13.203715348398298 72.54720398217142 2548.045773045814
39627824327295864 21.33091781020275 109.62108466796099 4092.7121961909047
39627824327295876 10.585823942770949 57.4232283046384 2027.4150817403383
39627824327295895 24.79778021019049 135.80956531751627 4736.054481720441
39627824327295945 10.221742247697243 49.350043179992326 1939.227443825207
39627824327296071 10.283802832600495 50.37376316481899 1910.7825004769577
39627824327296136 11.049264690378466 57.90141900984164 2034.8455746243492
39627824327296192 19.362716659236142 96.04376890158775 3530.3225687479853
39627824327296593 14.68370340522543 70.1448108006797 2516.781085602644
39627824327296648 18.320760143323884 78.7126097538006 3116.0583601542385
39627824327296722 12.18748579084195 54.788018510918796 2053.496931802601
39627824327296774 11.597590158028737 48.81254462471385 1941.8483785398325
39627824327296815 23.568977360589635 107.79993607226069 3927.46552485385
39627824327297154 12.035092959946418 54.83118578693518 1920.7803973894133
39627824327297160 11.911394839973061 46.90043352457791 1899.9344834751087
39627824327297321 6.797534916114121 27.872862273493467 1062.326171113166
39627824327297486 6.866224642010871 27.476449092643215 1050.3000759013828
39627824327297554 10.601262772544123 41.0636508766476 1608.3525087657695
39627824327297570 21.918565281764643 84.17244707790483 3319.0357105668495
39627824327297665 19.90442207122027 74.4157664467613 2979.17081794061
39627824327297892 10.650112685090551 40.02459952965511 1548.3572607543747
39627824327298050 13.446694089162653 53.44588897232924 1922.0322504474009
39627824327298175 21.207741861185053 76.59338481787708 2982.273315737858
39627824327298357 25.72210192078091 97.10522414564807 3540.798378066717
39627824327298375 25.654325972535528 96.67065363895418 3525.6696646696423
39627824327298407 9.60175153363056 35.383959132275784 1315.384400688174
39627824327298411 29.120505701844976 99.78818570335663 3988.291263439084
39627824327298493 7.758724544821457 28.694444654646546 1052.3190631129391
